BLEU-1: 0.544012
BLEU-2: 0.319973